BILL6 cpus_list = 48,49,50,51,52,53,54,55,112,113,114,115,116,117,118,119
BILL10 list = ,1
BILL10 list = ,1,2
BILL10 list = ,1,2,3
BILL10 list = ,1,2,3,4
BILL10 list = ,1,2,3,4,5
BILL10 list = ,1,2,3,4,5,6
BILL10 list = ,1,2,3,4,5,6,7
BILL10 list = ,1,2,3,4,5,6,7,9
BILL10 list = ,1,2,3,4,5,6,7,9,10
BILL10 list = ,1,2,3,4,5,6,7,9,10,11
BILL10 list = ,1,2,3,4,5,6,7,9,10,11,12
BILL10 list = ,1,2,3,4,5,6,7,9,10,11,12,13
BILL10 list = ,1,2,3,4,5,6,7,9,10,11,12,13,14
BILL10 list = ,1,2,3,4,5,6,7,9,10,11,12,13,14,15
BILL10 list = ,1,2,3,4,5,6,7,9,10,11,12,13,14,15,17
BILL10 list = ,1,2,3,4,5,6,7,9,10,11,12,13,14,15,17,18
BILL10 list = ,1,2,3,4,5,6,7,9,10,11,12,13,14,15,17,18,19
BILL10 list = ,1,2,3,4,5,6,7,9,10,11,12,13,14,15,17,18,19,20
BILL10 list = ,1,2,3,4,5,6,7,9,10,11,12,13,14,15,17,18,19,20,21
BILL10 list = ,1,2,3,4,5,6,7,9,10,11,12,13,14,15,17,18,19,20,21,22
BILL10 list = ,1,2,3,4,5,6,7,9,10,11,12,13,14,15,17,18,19,20,21,22,23
BILL10 list = ,1,2,3,4,5,6,7,9,10,11,12,13,14,15,17,18,19,20,21,22,23,25
BILL10 list = ,1,2,3,4,5,6,7,9,10,11,12,13,14,15,17,18,19,20,21,22,23,25,26
BILL10 list = ,1,2,3,4,5,6,7,9,10,11,12,13,14,15,17,18,19,20,21,22,23,25,26,27
BILL10 list = ,1,2,3,4,5,6,7,9,10,11,12,13,14,15,17,18,19,20,21,22,23,25,26,27,28
BILL10 list = ,1,2,3,4,5,6,7,9,10,11,12,13,14,15,17,18,19,20,21,22,23,25,26,27,28,29
BILL10 list = ,1,2,3,4,5,6,7,9,10,11,12,13,14,15,17,18,19,20,21,22,23,25,26,27,28,29,30
BILL10 list = ,1,2,3,4,5,6,7,9,10,11,12,13,14,15,17,18,19,20,21,22,23,25,26,27,28,29,30,31
BILL10 list = ,1,2,3,4,5,6,7,9,10,11,12,13,14,15,17,18,19,20,21,22,23,25,26,27,28,29,30,31,33
BILL10 list = ,1,2,3,4,5,6,7,9,10,11,12,13,14,15,17,18,19,20,21,22,23,25,26,27,28,29,30,31,33,34
BILL10 list = ,1,2,3,4,5,6,7,9,10,11,12,13,14,15,17,18,19,20,21,22,23,25,26,27,28,29,30,31,33,34,35
BILL10 list = ,1,2,3,4,5,6,7,9,10,11,12,13,14,15,17,18,19,20,21,22,23,25,26,27,28,29,30,31,33,34,35,36
BILL10 list = ,1,2,3,4,5,6,7,9,10,11,12,13,14,15,17,18,19,20,21,22,23,25,26,27,28,29,30,31,33,34,35,36,37
BILL10 list = ,1,2,3,4,5,6,7,9,10,11,12,13,14,15,17,18,19,20,21,22,23,25,26,27,28,29,30,31,33,34,35,36,37,38
BILL10 list = ,1,2,3,4,5,6,7,9,10,11,12,13,14,15,17,18,19,20,21,22,23,25,26,27,28,29,30,31,33,34,35,36,37,38,39
BILL10 list = ,1,2,3,4,5,6,7,9,10,11,12,13,14,15,17,18,19,20,21,22,23,25,26,27,28,29,30,31,33,34,35,36,37,38,39,41
BILL10 list = ,1,2,3,4,5,6,7,9,10,11,12,13,14,15,17,18,19,20,21,22,23,25,26,27,28,29,30,31,33,34,35,36,37,38,39,41,42
BILL10 list = ,1,2,3,4,5,6,7,9,10,11,12,13,14,15,17,18,19,20,21,22,23,25,26,27,28,29,30,31,33,34,35,36,37,38,39,41,42,43
BILL10 list = ,1,2,3,4,5,6,7,9,10,11,12,13,14,15,17,18,19,20,21,22,23,25,26,27,28,29,30,31,33,34,35,36,37,38,39,41,42,43,44
BILL10 list = ,1,2,3,4,5,6,7,9,10,11,12,13,14,15,17,18,19,20,21,22,23,25,26,27,28,29,30,31,33,34,35,36,37,38,39,41,42,43,44,45
BILL10 list = ,1,2,3,4,5,6,7,9,10,11,12,13,14,15,17,18,19,20,21,22,23,25,26,27,28,29,30,31,33,34,35,36,37,38,39,41,42,43,44,45,46
BILL10 list = ,1,2,3,4,5,6,7,9,10,11,12,13,14,15,17,18,19,20,21,22,23,25,26,27,28,29,30,31,33,34,35,36,37,38,39,41,42,43,44,45,46,47
BILL10 list = ,1,2,3,4,5,6,7,9,10,11,12,13,14,15,17,18,19,20,21,22,23,25,26,27,28,29,30,31,33,34,35,36,37,38,39,41,42,43,44,45,46,47,51
BILL10 list = ,1,2,3,4,5,6,7,9,10,11,12,13,14,15,17,18,19,20,21,22,23,25,26,27,28,29,30,31,33,34,35,36,37,38,39,41,42,43,44,45,46,47,51,52
BILL10 list = ,1,2,3,4,5,6,7,9,10,11,12,13,14,15,17,18,19,20,21,22,23,25,26,27,28,29,30,31,33,34,35,36,37,38,39,41,42,43,44,45,46,47,51,52,53
BILL10 list = ,1,2,3,4,5,6,7,9,10,11,12,13,14,15,17,18,19,20,21,22,23,25,26,27,28,29,30,31,33,34,35,36,37,38,39,41,42,43,44,45,46,47,51,52,53,54
BILL10 list = ,1,2,3,4,5,6,7,9,10,11,12,13,14,15,17,18,19,20,21,22,23,25,26,27,28,29,30,31,33,34,35,36,37,38,39,41,42,43,44,45,46,47,51,52,53,54,55
BILL10 list = ,1,2,3,4,5,6,7,9,10,11,12,13,14,15,17,18,19,20,21,22,23,25,26,27,28,29,30,31,33,34,35,36,37,38,39,41,42,43,44,45,46,47,51,52,53,54,55,57
BILL10 list = ,1,2,3,4,5,6,7,9,10,11,12,13,14,15,17,18,19,20,21,22,23,25,26,27,28,29,30,31,33,34,35,36,37,38,39,41,42,43,44,45,46,47,51,52,53,54,55,57,58
BILL10 list = ,1,2,3,4,5,6,7,9,10,11,12,13,14,15,17,18,19,20,21,22,23,25,26,27,28,29,30,31,33,34,35,36,37,38,39,41,42,43,44,45,46,47,51,52,53,54,55,57,58,59
BILL10 list = ,1,2,3,4,5,6,7,9,10,11,12,13,14,15,17,18,19,20,21,22,23,25,26,27,28,29,30,31,33,34,35,36,37,38,39,41,42,43,44,45,46,47,51,52,53,54,55,57,58,59,60
BILL10 list = ,1,2,3,4,5,6,7,9,10,11,12,13,14,15,17,18,19,20,21,22,23,25,26,27,28,29,30,31,33,34,35,36,37,38,39,41,42,43,44,45,46,47,51,52,53,54,55,57,58,59,60,61
BILL10 list = ,1,2,3,4,5,6,7,9,10,11,12,13,14,15,17,18,19,20,21,22,23,25,26,27,28,29,30,31,33,34,35,36,37,38,39,41,42,43,44,45,46,47,51,52,53,54,55,57,58,59,60,61,62
BILL10 list = ,1,2,3,4,5,6,7,9,10,11,12,13,14,15,17,18,19,20,21,22,23,25,26,27,28,29,30,31,33,34,35,36,37,38,39,41,42,43,44,45,46,47,51,52,53,54,55,57,58,59,60,61,62,63
BILL10 list = ,1,2,3,4,5,6,7,9,10,11,12,13,14,15,17,18,19,20,21,22,23,25,26,27,28,29,30,31,33,34,35,36,37,38,39,41,42,43,44,45,46,47,51,52,53,54,55,57,58,59,60,61,62,63,65
BILL10 list = ,1,2,3,4,5,6,7,9,10,11,12,13,14,15,17,18,19,20,21,22,23,25,26,27,28,29,30,31,33,34,35,36,37,38,39,41,42,43,44,45,46,47,51,52,53,54,55,57,58,59,60,61,62,63,65,66
BILL10 list = ,1,2,3,4,5,6,7,9,10,11,12,13,14,15,17,18,19,20,21,22,23,25,26,27,28,29,30,31,33,34,35,36,37,38,39,41,42,43,44,45,46,47,51,52,53,54,55,57,58,59,60,61,62,63,65,66,67
BILL10 list = ,1,2,3,4,5,6,7,9,10,11,12,13,14,15,17,18,19,20,21,22,23,25,26,27,28,29,30,31,33,34,35,36,37,38,39,41,42,43,44,45,46,47,51,52,53,54,55,57,58,59,60,61,62,63,65,66,67,68
BILL10 list = ,1,2,3,4,5,6,7,9,10,11,12,13,14,15,17,18,19,20,21,22,23,25,26,27,28,29,30,31,33,34,35,36,37,38,39,41,42,43,44,45,46,47,51,52,53,54,55,57,58,59,60,61,62,63,65,66,67,68,69
BILL10 list = ,1,2,3,4,5,6,7,9,10,11,12,13,14,15,17,18,19,20,21,22,23,25,26,27,28,29,30,31,33,34,35,36,37,38,39,41,42,43,44,45,46,47,51,52,53,54,55,57,58,59,60,61,62,63,65,66,67,68,69,70
BILL10 list = ,1,2,3,4,5,6,7,9,10,11,12,13,14,15,17,18,19,20,21,22,23,25,26,27,28,29,30,31,33,34,35,36,37,38,39,41,42,43,44,45,46,47,51,52,53,54,55,57,58,59,60,61,62,63,65,66,67,68,69,70,71
BILL10 list = ,1,2,3,4,5,6,7,9,10,11,12,13,14,15,17,18,19,20,21,22,23,25,26,27,28,29,30,31,33,34,35,36,37,38,39,41,42,43,44,45,46,47,51,52,53,54,55,57,58,59,60,61,62,63,65,66,67,68,69,70,71,73
BILL10 list = ,1,2,3,4,5,6,7,9,10,11,12,13,14,15,17,18,19,20,21,22,23,25,26,27,28,29,30,31,33,34,35,36,37,38,39,41,42,43,44,45,46,47,51,52,53,54,55,57,58,59,60,61,62,63,65,66,67,68,69,70,71,73,74
BILL10 list = ,1,2,3,4,5,6,7,9,10,11,12,13,14,15,17,18,19,20,21,22,23,25,26,27,28,29,30,31,33,34,35,36,37,38,39,41,42,43,44,45,46,47,51,52,53,54,55,57,58,59,60,61,62,63,65,66,67,68,69,70,71,73,74,75
BILL10 list = ,1,2,3,4,5,6,7,9,10,11,12,13,14,15,17,18,19,20,21,22,23,25,26,27,28,29,30,31,33,34,35,36,37,38,39,41,42,43,44,45,46,47,51,52,53,54,55,57,58,59,60,61,62,63,65,66,67,68,69,70,71,73,74,75,76
BILL10 list = ,1,2,3,4,5,6,7,9,10,11,12,13,14,15,17,18,19,20,21,22,23,25,26,27,28,29,30,31,33,34,35,36,37,38,39,41,42,43,44,45,46,47,51,52,53,54,55,57,58,59,60,61,62,63,65,66,67,68,69,70,71,73,74,75,76,77
BILL10 list = ,1,2,3,4,5,6,7,9,10,11,12,13,14,15,17,18,19,20,21,22,23,25,26,27,28,29,30,31,33,34,35,36,37,38,39,41,42,43,44,45,46,47,51,52,53,54,55,57,58,59,60,61,62,63,65,66,67,68,69,70,71,73,74,75,76,77,78
BILL10 list = ,1,2,3,4,5,6,7,9,10,11,12,13,14,15,17,18,19,20,21,22,23,25,26,27,28,29,30,31,33,34,35,36,37,38,39,41,42,43,44,45,46,47,51,52,53,54,55,57,58,59,60,61,62,63,65,66,67,68,69,70,71,73,74,75,76,77,78,79
BILL10 list = ,1,2,3,4,5,6,7,9,10,11,12,13,14,15,17,18,19,20,21,22,23,25,26,27,28,29,30,31,33,34,35,36,37,38,39,41,42,43,44,45,46,47,51,52,53,54,55,57,58,59,60,61,62,63,65,66,67,68,69,70,71,73,74,75,76,77,78,79,81
BILL10 list = ,1,2,3,4,5,6,7,9,10,11,12,13,14,15,17,18,19,20,21,22,23,25,26,27,28,29,30,31,33,34,35,36,37,38,39,41,42,43,44,45,46,47,51,52,53,54,55,57,58,59,60,61,62,63,65,66,67,68,69,70,71,73,74,75,76,77,78,79,81,82
BILL10 list = ,1,2,3,4,5,6,7,9,10,11,12,13,14,15,17,18,19,20,21,22,23,25,26,27,28,29,30,31,33,34,35,36,37,38,39,41,42,43,44,45,46,47,51,52,53,54,55,57,58,59,60,61,62,63,65,66,67,68,69,70,71,73,74,75,76,77,78,79,81,82,83
BILL10 list = ,1,2,3,4,5,6,7,9,10,11,12,13,14,15,17,18,19,20,21,22,23,25,26,27,28,29,30,31,33,34,35,36,37,38,39,41,42,43,44,45,46,47,51,52,53,54,55,57,58,59,60,61,62,63,65,66,67,68,69,70,71,73,74,75,76,77,78,79,81,82,83,84
BILL10 list = ,1,2,3,4,5,6,7,9,10,11,12,13,14,15,17,18,19,20,21,22,23,25,26,27,28,29,30,31,33,34,35,36,37,38,39,41,42,43,44,45,46,47,51,52,53,54,55,57,58,59,60,61,62,63,65,66,67,68,69,70,71,73,74,75,76,77,78,79,81,82,83,84,85
BILL10 list = ,1,2,3,4,5,6,7,9,10,11,12,13,14,15,17,18,19,20,21,22,23,25,26,27,28,29,30,31,33,34,35,36,37,38,39,41,42,43,44,45,46,47,51,52,53,54,55,57,58,59,60,61,62,63,65,66,67,68,69,70,71,73,74,75,76,77,78,79,81,82,83,84,85,86
BILL10 list = ,1,2,3,4,5,6,7,9,10,11,12,13,14,15,17,18,19,20,21,22,23,25,26,27,28,29,30,31,33,34,35,36,37,38,39,41,42,43,44,45,46,47,51,52,53,54,55,57,58,59,60,61,62,63,65,66,67,68,69,70,71,73,74,75,76,77,78,79,81,82,83,84,85,86,87
BILL10 list = ,1,2,3,4,5,6,7,9,10,11,12,13,14,15,17,18,19,20,21,22,23,25,26,27,28,29,30,31,33,34,35,36,37,38,39,41,42,43,44,45,46,47,51,52,53,54,55,57,58,59,60,61,62,63,65,66,67,68,69,70,71,73,74,75,76,77,78,79,81,82,83,84,85,86,87,89
BILL10 list = ,1,2,3,4,5,6,7,9,10,11,12,13,14,15,17,18,19,20,21,22,23,25,26,27,28,29,30,31,33,34,35,36,37,38,39,41,42,43,44,45,46,47,51,52,53,54,55,57,58,59,60,61,62,63,65,66,67,68,69,70,71,73,74,75,76,77,78,79,81,82,83,84,85,86,87,89,90
BILL10 list = ,1,2,3,4,5,6,7,9,10,11,12,13,14,15,17,18,19,20,21,22,23,25,26,27,28,29,30,31,33,34,35,36,37,38,39,41,42,43,44,45,46,47,51,52,53,54,55,57,58,59,60,61,62,63,65,66,67,68,69,70,71,73,74,75,76,77,78,79,81,82,83,84,85,86,87,89,90,91
BILL10 list = ,1,2,3,4,5,6,7,9,10,11,12,13,14,15,17,18,19,20,21,22,23,25,26,27,28,29,30,31,33,34,35,36,37,38,39,41,42,43,44,45,46,47,51,52,53,54,55,57,58,59,60,61,62,63,65,66,67,68,69,70,71,73,74,75,76,77,78,79,81,82,83,84,85,86,87,89,90,91,92
BILL10 list = ,1,2,3,4,5,6,7,9,10,11,12,13,14,15,17,18,19,20,21,22,23,25,26,27,28,29,30,31,33,34,35,36,37,38,39,41,42,43,44,45,46,47,51,52,53,54,55,57,58,59,60,61,62,63,65,66,67,68,69,70,71,73,74,75,76,77,78,79,81,82,83,84,85,86,87,89,90,91,92,93
BILL10 list = ,1,2,3,4,5,6,7,9,10,11,12,13,14,15,17,18,19,20,21,22,23,25,26,27,28,29,30,31,33,34,35,36,37,38,39,41,42,43,44,45,46,47,51,52,53,54,55,57,58,59,60,61,62,63,65,66,67,68,69,70,71,73,74,75,76,77,78,79,81,82,83,84,85,86,87,89,90,91,92,93,94
BILL10 list = ,1,2,3,4,5,6,7,9,10,11,12,13,14,15,17,18,19,20,21,22,23,25,26,27,28,29,30,31,33,34,35,36,37,38,39,41,42,43,44,45,46,47,51,52,53,54,55,57,58,59,60,61,62,63,65,66,67,68,69,70,71,73,74,75,76,77,78,79,81,82,83,84,85,86,87,89,90,91,92,93,94,95
BILL10 list = ,1,2,3,4,5,6,7,9,10,11,12,13,14,15,17,18,19,20,21,22,23,25,26,27,28,29,30,31,33,34,35,36,37,38,39,41,42,43,44,45,46,47,51,52,53,54,55,57,58,59,60,61,62,63,65,66,67,68,69,70,71,73,74,75,76,77,78,79,81,82,83,84,85,86,87,89,90,91,92,93,94,95,97
BILL10 list = ,1,2,3,4,5,6,7,9,10,11,12,13,14,15,17,18,19,20,21,22,23,25,26,27,28,29,30,31,33,34,35,36,37,38,39,41,42,43,44,45,46,47,51,52,53,54,55,57,58,59,60,61,62,63,65,66,67,68,69,70,71,73,74,75,76,77,78,79,81,82,83,84,85,86,87,89,90,91,92,93,94,95,97,98
BILL10 list = ,1,2,3,4,5,6,7,9,10,11,12,13,14,15,17,18,19,20,21,22,23,25,26,27,28,29,30,31,33,34,35,36,37,38,39,41,42,43,44,45,46,47,51,52,53,54,55,57,58,59,60,61,62,63,65,66,67,68,69,70,71,73,74,75,76,77,78,79,81,82,83,84,85,86,87,89,90,91,92,93,94,95,97,98,99
BILL10 list = ,1,2,3,4,5,6,7,9,10,11,12,13,14,15,17,18,19,20,21,22,23,25,26,27,28,29,30,31,33,34,35,36,37,38,39,41,42,43,44,45,46,47,51,52,53,54,55,57,58,59,60,61,62,63,65,66,67,68,69,70,71,73,74,75,76,77,78,79,81,82,83,84,85,86,87,89,90,91,92,93,94,95,97,98,99,100
BILL10 list = ,1,2,3,4,5,6,7,9,10,11,12,13,14,15,17,18,19,20,21,22,23,25,26,27,28,29,30,31,33,34,35,36,37,38,39,41,42,43,44,45,46,47,51,52,53,54,55,57,58,59,60,61,62,63,65,66,67,68,69,70,71,73,74,75,76,77,78,79,81,82,83,84,85,86,87,89,90,91,92,93,94,95,97,98,99,100,101
BILL10 list = ,1,2,3,4,5,6,7,9,10,11,12,13,14,15,17,18,19,20,21,22,23,25,26,27,28,29,30,31,33,34,35,36,37,38,39,41,42,43,44,45,46,47,51,52,53,54,55,57,58,59,60,61,62,63,65,66,67,68,69,70,71,73,74,75,76,77,78,79,81,82,83,84,85,86,87,89,90,91,92,93,94,95,97,98,99,100,101,102
BILL10 list = ,1,2,3,4,5,6,7,9,10,11,12,13,14,15,17,18,19,20,21,22,23,25,26,27,28,29,30,31,33,34,35,36,37,38,39,41,42,43,44,45,46,47,51,52,53,54,55,57,58,59,60,61,62,63,65,66,67,68,69,70,71,73,74,75,76,77,78,79,81,82,83,84,85,86,87,89,90,91,92,93,94,95,97,98,99,100,101,102,103
BILL10 list = ,1,2,3,4,5,6,7,9,10,11,12,13,14,15,17,18,19,20,21,22,23,25,26,27,28,29,30,31,33,34,35,36,37,38,39,41,42,43,44,45,46,47,51,52,53,54,55,57,58,59,60,61,62,63,65,66,67,68,69,70,71,73,74,75,76,77,78,79,81,82,83,84,85,86,87,89,90,91,92,93,94,95,97,98,99,100,101,102,103,105
BILL10 list = ,1,2,3,4,5,6,7,9,10,11,12,13,14,15,17,18,19,20,21,22,23,25,26,27,28,29,30,31,33,34,35,36,37,38,39,41,42,43,44,45,46,47,51,52,53,54,55,57,58,59,60,61,62,63,65,66,67,68,69,70,71,73,74,75,76,77,78,79,81,82,83,84,85,86,87,89,90,91,92,93,94,95,97,98,99,100,101,102,103,105,106
BILL10 list = ,1,2,3,4,5,6,7,9,10,11,12,13,14,15,17,18,19,20,21,22,23,25,26,27,28,29,30,31,33,34,35,36,37,38,39,41,42,43,44,45,46,47,51,52,53,54,55,57,58,59,60,61,62,63,65,66,67,68,69,70,71,73,74,75,76,77,78,79,81,82,83,84,85,86,87,89,90,91,92,93,94,95,97,98,99,100,101,102,103,105,106,107
BILL10 list = ,1,2,3,4,5,6,7,9,10,11,12,13,14,15,17,18,19,20,21,22,23,25,26,27,28,29,30,31,33,34,35,36,37,38,39,41,42,43,44,45,46,47,51,52,53,54,55,57,58,59,60,61,62,63,65,66,67,68,69,70,71,73,74,75,76,77,78,79,81,82,83,84,85,86,87,89,90,91,92,93,94,95,97,98,99,100,101,102,103,105,106,107,108
BILL10 list = ,1,2,3,4,5,6,7,9,10,11,12,13,14,15,17,18,19,20,21,22,23,25,26,27,28,29,30,31,33,34,35,36,37,38,39,41,42,43,44,45,46,47,51,52,53,54,55,57,58,59,60,61,62,63,65,66,67,68,69,70,71,73,74,75,76,77,78,79,81,82,83,84,85,86,87,89,90,91,92,93,94,95,97,98,99,100,101,102,103,105,106,107,108,109
BILL10 list = ,1,2,3,4,5,6,7,9,10,11,12,13,14,15,17,18,19,20,21,22,23,25,26,27,28,29,30,31,33,34,35,36,37,38,39,41,42,43,44,45,46,47,51,52,53,54,55,57,58,59,60,61,62,63,65,66,67,68,69,70,71,73,74,75,76,77,78,79,81,82,83,84,85,86,87,89,90,91,92,93,94,95,97,98,99,100,101,102,103,105,106,107,108,109,110
BILL10 list = ,1,2,3,4,5,6,7,9,10,11,12,13,14,15,17,18,19,20,21,22,23,25,26,27,28,29,30,31,33,34,35,36,37,38,39,41,42,43,44,45,46,47,51,52,53,54,55,57,58,59,60,61,62,63,65,66,67,68,69,70,71,73,74,75,76,77,78,79,81,82,83,84,85,86,87,89,90,91,92,93,94,95,97,98,99,100,101,102,103,105,106,107,108,109,110,111
BILL10 list = ,1,2,3,4,5,6,7,9,10,11,12,13,14,15,17,18,19,20,21,22,23,25,26,27,28,29,30,31,33,34,35,36,37,38,39,41,42,43,44,45,46,47,51,52,53,54,55,57,58,59,60,61,62,63,65,66,67,68,69,70,71,73,74,75,76,77,78,79,81,82,83,84,85,86,87,89,90,91,92,93,94,95,97,98,99,100,101,102,103,105,106,107,108,109,110,111,115
BILL10 list = ,1,2,3,4,5,6,7,9,10,11,12,13,14,15,17,18,19,20,21,22,23,25,26,27,28,29,30,31,33,34,35,36,37,38,39,41,42,43,44,45,46,47,51,52,53,54,55,57,58,59,60,61,62,63,65,66,67,68,69,70,71,73,74,75,76,77,78,79,81,82,83,84,85,86,87,89,90,91,92,93,94,95,97,98,99,100,101,102,103,105,106,107,108,109,110,111,115,116
BILL10 list = ,1,2,3,4,5,6,7,9,10,11,12,13,14,15,17,18,19,20,21,22,23,25,26,27,28,29,30,31,33,34,35,36,37,38,39,41,42,43,44,45,46,47,51,52,53,54,55,57,58,59,60,61,62,63,65,66,67,68,69,70,71,73,74,75,76,77,78,79,81,82,83,84,85,86,87,89,90,91,92,93,94,95,97,98,99,100,101,102,103,105,106,107,108,109,110,111,115,116,117
BILL10 list = ,1,2,3,4,5,6,7,9,10,11,12,13,14,15,17,18,19,20,21,22,23,25,26,27,28,29,30,31,33,34,35,36,37,38,39,41,42,43,44,45,46,47,51,52,53,54,55,57,58,59,60,61,62,63,65,66,67,68,69,70,71,73,74,75,76,77,78,79,81,82,83,84,85,86,87,89,90,91,92,93,94,95,97,98,99,100,101,102,103,105,106,107,108,109,110,111,115,116,117,118
BILL10 list = ,1,2,3,4,5,6,7,9,10,11,12,13,14,15,17,18,19,20,21,22,23,25,26,27,28,29,30,31,33,34,35,36,37,38,39,41,42,43,44,45,46,47,51,52,53,54,55,57,58,59,60,61,62,63,65,66,67,68,69,70,71,73,74,75,76,77,78,79,81,82,83,84,85,86,87,89,90,91,92,93,94,95,97,98,99,100,101,102,103,105,106,107,108,109,110,111,115,116,117,118,119
BILL10 list = ,1,2,3,4,5,6,7,9,10,11,12,13,14,15,17,18,19,20,21,22,23,25,26,27,28,29,30,31,33,34,35,36,37,38,39,41,42,43,44,45,46,47,51,52,53,54,55,57,58,59,60,61,62,63,65,66,67,68,69,70,71,73,74,75,76,77,78,79,81,82,83,84,85,86,87,89,90,91,92,93,94,95,97,98,99,100,101,102,103,105,106,107,108,109,110,111,115,116,117,118,119,121
BILL10 list = ,1,2,3,4,5,6,7,9,10,11,12,13,14,15,17,18,19,20,21,22,23,25,26,27,28,29,30,31,33,34,35,36,37,38,39,41,42,43,44,45,46,47,51,52,53,54,55,57,58,59,60,61,62,63,65,66,67,68,69,70,71,73,74,75,76,77,78,79,81,82,83,84,85,86,87,89,90,91,92,93,94,95,97,98,99,100,101,102,103,105,106,107,108,109,110,111,115,116,117,118,119,121,122
BILL10 list = ,1,2,3,4,5,6,7,9,10,11,12,13,14,15,17,18,19,20,21,22,23,25,26,27,28,29,30,31,33,34,35,36,37,38,39,41,42,43,44,45,46,47,51,52,53,54,55,57,58,59,60,61,62,63,65,66,67,68,69,70,71,73,74,75,76,77,78,79,81,82,83,84,85,86,87,89,90,91,92,93,94,95,97,98,99,100,101,102,103,105,106,107,108,109,110,111,115,116,117,118,119,121,122,123
BILL10 list = ,1,2,3,4,5,6,7,9,10,11,12,13,14,15,17,18,19,20,21,22,23,25,26,27,28,29,30,31,33,34,35,36,37,38,39,41,42,43,44,45,46,47,51,52,53,54,55,57,58,59,60,61,62,63,65,66,67,68,69,70,71,73,74,75,76,77,78,79,81,82,83,84,85,86,87,89,90,91,92,93,94,95,97,98,99,100,101,102,103,105,106,107,108,109,110,111,115,116,117,118,119,121,122,123,124
BILL10 list = ,1,2,3,4,5,6,7,9,10,11,12,13,14,15,17,18,19,20,21,22,23,25,26,27,28,29,30,31,33,34,35,36,37,38,39,41,42,43,44,45,46,47,51,52,53,54,55,57,58,59,60,61,62,63,65,66,67,68,69,70,71,73,74,75,76,77,78,79,81,82,83,84,85,86,87,89,90,91,92,93,94,95,97,98,99,100,101,102,103,105,106,107,108,109,110,111,115,116,117,118,119,121,122,123,124,125
BILL10 list = ,1,2,3,4,5,6,7,9,10,11,12,13,14,15,17,18,19,20,21,22,23,25,26,27,28,29,30,31,33,34,35,36,37,38,39,41,42,43,44,45,46,47,51,52,53,54,55,57,58,59,60,61,62,63,65,66,67,68,69,70,71,73,74,75,76,77,78,79,81,82,83,84,85,86,87,89,90,91,92,93,94,95,97,98,99,100,101,102,103,105,106,107,108,109,110,111,115,116,117,118,119,121,122,123,124,125,126
BILL10 list = ,1,2,3,4,5,6,7,9,10,11,12,13,14,15,17,18,19,20,21,22,23,25,26,27,28,29,30,31,33,34,35,36,37,38,39,41,42,43,44,45,46,47,51,52,53,54,55,57,58,59,60,61,62,63,65,66,67,68,69,70,71,73,74,75,76,77,78,79,81,82,83,84,85,86,87,89,90,91,92,93,94,95,97,98,99,100,101,102,103,105,106,107,108,109,110,111,115,116,117,118,119,121,122,123,124,125,126,127
BILL7 iso_cpus_list = 1,2,3,4,5,6,7,9,10,11,12,13,14,15,17,18,19,20,21,22,23,25,26,27,28,29,30,31,33,34,35,36,37,38,39,41,42,43,44,45,46,47,51,52,53,54,55,57,58,59,60,61,62,63,65,66,67,68,69,70,71,73,74,75,76,77,78,79,81,82,83,84,85,86,87,89,90,91,92,93,94,95,97,98,99,100,101,102,103,105,106,107,108,109,110,111,115,116,117,118,119,121,122,123,124,125,126,127
BILL8 node_iso_cpus_list = 51,52,53,54,55,115,116,117,118,119
BILL9 cpu_siblings_range = 50,114
BILL9 cpu_siblings_range = 51,115
BILL9 cpu_siblings_range = 51,115
BILL9 cpu_siblings_range = 52,116
